0.2
0.198947368421053
0.197894736842105
0.196842105263158
0.195789473684211
0.194736842105263
0.193684210526316
0.192631578947368
0.191578947368421
0.190526315789474
0.189473684210526
0.188421052631579
0.187368421052632
0.186315789473684
0.185263157894737
0.184210526315789
0.183157894736842
0.182105263157895
0.181052631578947
0.18
0.178947368421053
0.177894736842105
0.176842105263158
0.175789473684211
0.174736842105263
0.173684210526316
0.172631578947368
0.171578947368421
0.170526315789474
0.169473684210526
0.168421052631579
0.167368421052632
0.166315789473684
0.165263157894737
0.164210526315789
0.163157894736842
0.162105263157895
0.161052631578947
0.16
0.158947368421053
0.157894736842105
0.156842105263158
0.155789473684211
0.154736842105263
0.153684210526316
0.152631578947368
0.151578947368421
0.150526315789474
0.149473684210526
0.148421052631579
0.147368421052632
0.146315789473684
0.145263157894737
0.144210526315789
0.143157894736842
0.142105263157895
0.141052631578947
0.14
0.138947368421053
0.137894736842105
0.136842105263158
0.135789473684211
0.134736842105263
0.133684210526316
0.132631578947368
0.131578947368421
0.130526315789474
0.129473684210526
0.128421052631579
0.127368421052632
0.126315789473684
0.125263157894737
0.124210526315789
0.123157894736842
0.122105263157895
0.121052631578947
0.12
0.118947368421053
0.117894736842105
0.116842105263158
0.115789473684211
0.114736842105263
0.113684210526316
0.112631578947368
0.111578947368421
0.110526315789474
0.109473684210526
0.108421052631579
0.107368421052632
0.106315789473684
0.105263157894737
0.104210526315789
0.103157894736842
0.102105263157895
0.101052631578947
0.1